"V1";"V2";"V3";"V4";"V5"
"1";0.842353251296968;0.861285207556966;0.848997091381453;0.864747465076412;0.860434158538091
"2";0.842353251296968;0.861285207556966;0.848997091381453;0.864747465076413;0.860434158538091
"3";0.617414382428538;0.637713476646718;0.654449980098806;0.650847621308632;0.625613372901876
"4";0.587621168734755;0.630217694298799;0.642362944252334;0.65455518264507;0.612553307830989
"5";0.539772235274415;0.563220157540161;0.554102457760367;0.539185051056524;0.556226675169997
"6";0.567724214418339;0.582248175542519;0.581854543306156;0.6093789200593;0.572749569136948
"7";0.633255988551965;0.554395232564865;0.564821417369608;0.539004085056717;0.628727710316158
"8";0.440018766127141;0.621620485059791;0.494698251551043;0.5368492224476;0.488447935992579
"9";0.485640539506314;0.494549950515842;0.491635122701729;0.464869036168833;0.508308980260547
"10";0.505739011110619;0.509493070939282;0.500207718731057;0.517779800111139;0.490616424666223
"11";0.495142980105386;0.502085659672184;0.523146948711386;0.480403449519445;0.511960441053512
"12";0.5154310333122;0.495588352662951;0.505078596477889;0.494401237182202;0.513275603600742
"13";0.491107610559571;0.499246012623412;0.495974881828615;0.471249865296886;0.534908360305186
"14";0.489506772799077;0.487795838254291;0.471976445281083;0.485521620828989;0.507207930895878
"15";0.502444844985946;0.496081819630488;0.508465160644594;0.497405767559734;0.503663765649097
"16";0.484865617363164;0.502624076373989;0.491436819609417;0.476988139847666;0.510416247224974
"17";0.519455488149357;0.50972360639111;0.506360849695594;0.528777277819672;0.49239456757944
"18";0.492408630654318;0.50639635269078;0.500037615865877;0.472866519174041;0.493536872484241
"19";0.47084141021765;0.491567211347201;0.491367384346068;0.470758091171184;0.479955291161691
"20";0.318723857786358;0.344535118283514;0.493484933909666;0.498478701825558;0.499189627228525
"21";0.511052554752636;0.50940551135141;0.511018353023236;0.48555982614318;0.458062604466209
"22";0.685097680957286;0.707131453684992;0.632066876155824;0.618040099940061;0.69915044949762
"23";0.556959026888604;0.590537812041116;0.862946344608936;0.282674772036474;0.686986672865334
"24";0.702041242711262;0.711622353690978;0.638996017403716;0.625742085306517;0.706160520388724
"25";0.484435843302838;0.457282592083142;0.499529986839632;0.882216959855661;0.998610789534614
"26";0.907055975514835;0.843130108941841;0.887268686098939;0.49763353617309;0.903186783645739
"27";0.608330987897551;0.748991658263819;0.499342228904341;0.497467071935157;0
"28";0.66855873788727;0.628931083491539;0.642448319608116;0.613037159036477;0.678651574667886
"29";0.666600816720318;0.629794891612004;0.645301046681126;0.619987621061653;0.677720989891434
"30";0.690400044525504;0.696838273165707;0.617218186709712;0.699875325852885;0.77681409851682
"31";0.8078984443456;0.807922581953522;0.835186363129115;0.761913596210137;0.841962634539887
"32";0.791812584536754;0.8111327607562;0.821367968952975;0.749192636436802;0.831496932056271
"33";0.725411377527033;0.604088318374033;0.600337144532395;0.720765582655826;0.566844754161827
"34";0.710219163228859;0.70281443912058;0.728305125731274;0.673752602593802;0.717271727172717
"35";0.686997152950322;0.706151787289759;0.688961153140637;0.692591277658161;0.658185947101256
"36";0.656149334026407;0.631774233032653;0.622354984735235;0.583159479754017;0.584406361838977
"37";0.582999197387202;0.585635143082151;0.57944838715081;0.567203215766822;0.560573412024457
"38";0.714611102372602;0.729621624042986;0.723556368330465;0.718834613573489;0.704637218643701
"39";0.707870143385905;0.70365094712374;0.69764077931179;0.686727824091007;0.699704332761948
"40";0.58491415705038;0.584437207595633;0.697386850632382;0.998309097057829;0.500926354793886
"41";0.636581794835659;0.640763359293514;0.652809952456642;0.6668551490426;0.644772218107418
"42";0.64161571459805;0.675522156614264;0.668200754425842;0.702013295458103;0.658584914554137
"43";0.652856967717359;0.638507147534307;0.644540019091794;0.671863421463513;0.661228814859045
"44";0.599719763936596;0.58939173434049;0.630118663831539;0.611322821237344;0.598182108811904
"45";0.751167954258925;0.774725229133772;0.745473588908318;0.739033702728558;0.74122565133231
"46";0.336652592071311;0.307283131661401;0.709042152803914;0.997802569303583;0.505984093892364
"47";0.723571156038761;0.75824101335707;0.707476508270566;0.739102101279689;0.724878134847689
"48";0.725102456252577;0.755819217774424;0.703351815094359;0.734591585168737;0.722030003602491
"49";0.623979878992543;0.805777166437414;0.996157876353475;0.998817167962149;0.747799907364521
"50";0.717387225529986;0.747674273656702;0.754837067975973;0.771194119399696;0.749022359377269
"51";0.718018230531918;0.748173209599598;0.754039140729744;0.770248792369412;0.748876619805294
"52";0.695485719654265;0.800213184817977;0.940191837502351;0.761079161028417;0.685444650301065
"53";0.676681388815743;0.684623239951899;0.716213500189609;0.659437185278736;0.665481892523364
"54";0.70911733615222;0.626232868330886;0.687344934380507;0.573351369631383;0.769364564007421
"55";0.811926554994288;0.806526407888053;0.811896926648903;0.842226054919399;0.804976086139978
"56";0.635040361699935;0.625371284603085;0.593586875777366;0.537911372938699;0.60288889028785
"57";0.61746173630813;0.611830857729592;0.625557581462796;0.614775739041794;0.611637717241858
"58";0.538937247727187;0.565481423037478;0.572997629179425;0.523826598111732;0.544340536949832
"59";0.571149717257855;0.593819163516133;0.587685996645377;0.56675418180061;0.591736850646258
"60";0.605447661195056;0.632285396349002;0.625775490332452;0.612082927053821;0.577559100707249
"61";0.664735305535268;0.606488626370183;0.642561737223494;0.540753575089072;0.635997202324325
"62";0.799085280045032;0.642857142857143;0.999811959383227;0.878000338066261;0.748494673459935
"63";0.678826927421177;0.645070860006739;0.605293894577171;0.695562770562771;0.655170346624935
"64";0.704489130114047;0.742789754960776;0.766764932395177;0.749444852578675;0.760635903177363
"65";0.704719974980108;0.742328558637813;0.767607519136389;0.748847290019607;0.762216506696035
"66";0.914997887621462;0.888160174483785;0.873330511662904;0.999729455529253;0.396533086248166
"67";0.715034761524759;0.741688029073249;0.718209240667719;0.691332616554211;0.705696476288944
"68";0.71682780652453;0.739485380228795;0.712465357581741;0.683194905869325;0.702104072574389
"69";0.453758445945946;0.919668072620576;0.852215011286682;0.8;0.532422417786012
"70";0.849866059400404;0.871743397375122;0.852547259650163;0.846093184910134;0.849172608877423
"71";0.849969550043333;0.870827911218744;0.848746513370322;0.846391841467846;0.848877549551751
"72";0.499595241447276;0.736218356297277;0.928101238614686;0.748815967523681;0.502085747392816
"73";0.830346821567646;0.870338131037422;0.853891247056369;0.860606725217985;0.853638453867581
"74";0.829120595804266;0.87016464314171;0.850958484573503;0.859099627017376;0.85405253362598
"75";0.638057862874842;0.779599644253709;0.999529810043257;0.885864051403449;0.829355885078777
"76";0.83765962665771;0.841524360389453;0.835023807517826;0.827987890616597;0.830862120680303
"77";0.834154421642443;0.840906246661321;0.835343550172159;0.823081242611323;0.830813092070821
"78";0.637706689214581;0.780181967051117;0.00861119320777022;0.713270485859318;0.630673923112552
"79";0.757937518262348;0.766955926390684;0.797995743762119;0.778217379758381;0.75786323671565
"80";0.757869537015157;0.76750028001862;0.798286991854997;0.778496817030598;0.760028951798438
"81";0.691019639588906;0.791551977245619;0.919194580353783;0.914636896707262;0.599289136145882
"82";0.849741337714178;0.856282878574272;0.863223270440251;0.777353840924541;0.883365661302355
"83";0.700145959133372;0.741995319247703;0.779283146087266;0.75540334335162;0.747769359980214
"84";0.689440200619515;0.692480485413046;0.653417561609703;0.616468878742375;0.611344829962689
"85";0.789881512539793;0.834534684742667;0.774668241837352;0.774022262905667;0.758307397959184
"86";0.857182472537802;0.915439296287434;0.864856114620273;0.854266767691701;0.881627812541387
"87";0.679154601029601;0.742997616209774;0.927130361173815;0.631044978018262;0.998958092150961
"88";0.839050814049425;0.839427629891929;0.861398541894277;0.798894381789207;0.82975734544837
"89";0.837671804858795;0.840967968019936;0.861088479130932;0.803835170410643;0.832505179403001
"90";0.339442841053076;0.612130835549849;0.187558784800602;0.999154548528914;0.747336729967578
"91";0.765834804532189;0.768405329558641;0.748750893210215;0.69120651149991;0.798147505140544
"92";0.670866709102845;0.683971316026052;0.687696647326022;0.660799920482001;0.665475903786746
"93";0.585371252072792;0.584085462138397;0.580824656419645;0.564265089988981;0.581475003428107
"94";0.550755326905336;0.562168933322218;0.536996625442713;0.563474490533314;0.541970163188793
"95";0.614283207042798;0.663985030198566;0.61982530668137;0.578309084633056;0.593634194531677
"96";0.647722141755555;0.704514507638372;0.6355574928317;0.615671975662133;0.586882090350428
"97";0.821693337284536;0.861237899679775;0.824283092068031;0.821042502391114;0.810139582849222
"98";0.69758895492778;0.695340029006817;0.712914865952889;0.713026333810147;0.713145960365854
"99";0.551385757234123;0.725186384372799;0.717031415205017;0.711135879046327;0.520756029684601
"100";0.724110906399501;0.742278596894724;0.719758874348272;0.721133548444995;0.725958142944529
"101";0.721312926895223;0.741316292847759;0.730215807263215;0.724133906397397;0.726800819779215
"102";0.916296087813116;0.717617649756903;0.184634681718407;1;0.857462744189638
"103";0.749358961504087;0.756023511833591;0.714505309326245;0.698517438294616;0.711458188986105
"104";0.714131354534198;0.754440296407466;0.677025257225815;0.657114699026464;0.724120252914963
"105";0.703195841793474;0.721728251256498;0.662112813442108;0.62974603320047;0.675511481114714
"106";0.649329000505809;0.653568591587377;0.616995870996541;0.601699561403509;0.548916605488517
"107";0.72190796137616;0.731825753473693;0.658839692175576;0.62888134787235;0.660677584245207
"108";0.74295060330665;0.756710386054733;0.713737782672977;0.679356117562546;0.714046381263839
"109";0.98584142394822;0.606885719526736;0.999247554552295;0.8;0.999768464922436
"110";0.747036111382849;0.739111017435631;0.725167782694202;0.732578315010145;0.720476768339232
"111";0.722529581234937;0.761164012113004;0.734374205622919;0.730247747747748;0.746731275737687
"112";0.708866607350626;0.735651938839142;0.690633648216382;0.666731781734293;0.713058541339165
"113";0.639756341351511;0.678793204775784;0.655835187258853;0.635838458589596;0.61189204828383
"114";0.719034261700056;0.714934261074207;0.702274607291187;0.721350714146824;0.690019448948076
"115";0.779067204037467;0.777971432924424;0.77143706218137;0.777962446267825;0.789474181213104
"116";0.617765103506548;0.587766619908494;0.734563967382646;1;0.733070805343217
"117";0.671750443940882;0.681550866238596;0.684412938712368;0.672791989416412;0.686617051504162
"118";0.704915038125369;0.730392338132188;0.698549695281721;0.653973480146093;0.690512471056946
"119";0.737693941852218;0.729585806843629;0.687116244504396;0.689708689551654;0.699453731942719
"120";0.624244158109486;0.617798776741584;0.593615750273266;0.586829155166834;0.563192180531785
"121";0.614135268236505;0.624505049185292;0.62247582540862;0.620160517253496;0.610195932309182
"122";0.706242139752512;0.71033272218177;0.69800905770366;0.646393500303874;0.679061852709067
"123";0.641215106732348;0.747316385706109;0.955734647434252;0.927153811456924;0.897189406223458
"124";1;1;1;1;1
"125";0.971650481911461;0.979238571249797;0.992125920689775;0.984231197608301;0.986983281816556
"126";0.945079152333307;0.934500829444258;0.962131488515102;0.94608776315823;0.954896762367548
"127";0.844654922779923;0.712443703085905;0.899134362062476;0.686653689911984;0.750127462340672
"128";1;1;1;1;1
"129";0.804665492131848;0.808628828576383;0.739213071711446;0.736578418301484;0.779391010570558
"130";0.775665609938401;0.804877756494696;0.725815845206007;0.706080797921381;0.763550517626953
"131";0.73449124726477;0.762190209097535;0.67756459819713;0.666276953293657;0.687713770666378
"132";0.746012359654634;0.784763758433861;0.699317487241211;0.663888756924188;0.718132129242385
"133";0.789699739126899;0.796076512079416;0.725777954725957;0.740497297582847;0.748150711844582
"134";0.334618632141852;0.555871501661265;0.499248402856069;0;0.498958092150961
"135";0.677300281165111;0.694259270352949;0.674356200208473;0.64377089835954;0.638538490542428
"136";0.638104803052626;0.642551440876157;0.616552045375921;0.561151844843898;0.651463363183836
"137";0.581965150231226;0.621705176159704;0.625346146303197;0.578531457188621;0.535907113422433
"138";0.59956243922767;0.616989740764878;0.583250378311364;0.568491577335375;0.567096160347982
"139";0.606219835704436;0.620469618882258;0.599599434137614;0.54969178198058;0.593465290049295
"140";0.632802076964775;0.637776434444914;0.629190211718723;0.580494966442953;0.646437986332603
"141";0.642781596334186;0.622530253795255;0.605788879000357;0.619403511947864;0.616607730052715
"142";0.691486783547384;0.701703557162351;0.694219719661449;0.709556869584946;0.672662000810677
"143";0.811064938723764;0.722676980993481;0.99198278181329;0.645773013016146;0.6241448283859
"144";0.756246205576052;0.768833670096726;0.721085083732722;0.705275484912568;0.736766407420704
"145";0.620985781322601;0.626755290643474;0.614825377280294;0.629700440159086;0.609523700330855
"146";0.62724151523672;0.637394430181915;0.599000703655991;0.60218451095819;0.625684411139136
"147";0.65465772395684;0.681451724650497;0.643157190315719;0.629126799139741;0.63411818440104
"148";0.712203377467802;0.70311951402615;0.656958518044887;0.665184096315429;0.662224926162665
"149";0.73071346711287;0.749740428905837;0.706306050179151;0.719960452395032;0.681751625625015
"150";0.727556317120781;0.728476766611172;0.674530894115154;0.641776835294717;0.669005860548149
"151";0.835729180513758;0.82434176479559;0.819717631159163;0.843969224537636;0.835873467260556
"152";0.742010243277849;0.802977940050825;0.939452886864186;0.805720338983051;0.627142452125055
"153";0.746460498164396;0.743388449426093;0.747056705733869;0.738578183609348;0.74124521469365
"154";0.652185174993915;0.650014239461804;0.658637260640385;0.647158483987343;0.655767023375381
"155";0.618683586279641;0.617048715325997;0.60615018924678;0.606329203222;0.618288621912624
"156";0.609148293476169;0.622644648507834;0.615542918460725;0.61445196029409;0.614850983381646
"157";0.633775418663591;0.656522826526097;0.598055800720612;0.596541523289581;0.601634910365328
"158";0.652031240807201;0.67107565165791;0.622720011113426;0.632113630097501;0.635362105926996
"159";0.650337351327677;0.653196813659695;0.640265086789465;0.605324906142663;0.647672701730243
"160";0.735126938461264;0.74796656591467;0.740072821516425;0.751199990856124;0.748144429148044
"161";0.879583866837388;0.71584459311732;0.945991390906645;0.821869212510108;0.913850872445166
"162";0.764835192216547;0.760135791641245;0.769617138551546;0.747087322800014;0.778928551877477
"163";0.687599057380382;0.691791360766153;0.695405216807554;0.69882100273574;0.703762347179194
"164";0.628747374835691;0.63919802698793;0.638823516597058;0.605781472872953;0.626694900026094
"165";0.601772587405636;0.60176425236033;0.610764326355569;0.530916570542859;0.586763827351023
"166";0.618658294177573;0.621765928066933;0.583368253007114;0.601874719912364;0.587151186045783
"167";0.656663313956251;0.650445005488474;0.634567810562523;0.609996197463484;0.643721166032953
"168";0.653985808940225;0.673590474040126;0.625072460781345;0.627067391514917;0.629654220278521
"169";0.766115067954301;0.776421750838748;0.753707362800133;0.746793383270911;0.759407794192562
"170";0.66202304737516;0.600638141584795;0.882095216024796;0.817996980992576;0.999420759962929
"171";0.80378032945219;0.813728566691929;0.8228626197618;0.818963379784498;0.81874043474754
"172";0.676765395988953;0.694638701476484;0.693232512078189;0.692365281948615;0.6754754405825
"173";0.622270354953409;0.641549016502829;0.65427341576234;0.628529967133988;0.6302985281484
"174";0.612359745085987;0.610636279446878;0.614738877949304;0.578531212156794;0.602188944318098
"175";0.637031765570772;0.654162078265076;0.607512741310659;0.609943096039949;0.594951163021036
"176";0.651234533973349;0.681969564765512;0.65070690121309;0.631013923352633;0.644357320283246
"177";0.66721514367324;0.685583897058405;0.663480719907052;0.652466621282106;0.656087502241348
"178";0.801111418017053;0.807497735766618;0.811483467449226;0.820841656961962;0.804588721159852
"179";0.857104926631554;0.588933169344791;0.84425042388847;0.735047082452983;0.770146732469941
"180";0.849746234866984;0.838282054292826;0.844262704315808;0.850101188464878;0.848782618805338
"181";0.719712649906819;0.723424534167665;0.721523695942301;0.705321832226403;0.715761148589058
"182";0.657364086408641;0.657888083719481;0.638248520090183;0.636241801622073;0.647146077458172
"183";0.654401831779405;0.655262700854523;0.605540700304872;0.619940530491684;0.599653565263834
"184";0.644691694993479;0.658520021408191;0.637828827010699;0.632792452348428;0.630591157048521
"185";0.694869210896519;0.719056517797337;0.694971732160668;0.644954001900763;0.665531774135029
"186";0.712100848444748;0.730903061010006;0.723231914432319;0.720530973451327;0.679718557237134
"187";0.836296863660693;0.840134326243574;0.821983336162406;0.857580292763143;0.824365618459984
"188";0.81960967196959;0.709952960073428;0.831343002448672;0.908598510494245;0.775578814878606
"189";0.775517205365874;0.787577056501949;0.760210202669524;0.764162285465107;0.763197908445146
"190";0.66900564520494;0.692304221847345;0.689149485275574;0.668701738541431;0.691979142430075
"191";0.60564274962213;0.630604635155331;0.605473485421944;0.57965804340577;0.615273148974436
"192";0.610026998266225;0.604233880706859;0.562191676282946;0.566190642427372;0.574544165905659
"193";0.631008110536412;0.625447591933148;0.579330750642734;0.61682246235902;0.602963098915527
"194";0.676782647587538;0.652722254390629;0.595581589031679;0.603798431082814;0.629472153756866
"195";0.680426548593651;0.692299796272033;0.640336791396395;0.614090648084166;0.643925427299945
"196";0.780559368963568;0.764879336500459;0.742828196807964;0.731660241611529;0.78289588666288
"197";0.694450317124736;0.706356736242884;0.952848295026375;0.829463276836158;0.504948581148999
"198";0.772591738510078;0.777601765905231;0.726694618791147;0.730704872734512;0.745512508873449
"199";0.642965337990309;0.638512992654741;0.607752925003503;0.597180021236625;0.61209776163029
"200";0.697945121267245;0.704889900561214;0.671033371584116;0.669422088682424;0.668581197453529
"201";0.738109488998679;0.742863121098928;0.689295805151003;0.65915007503634;0.688627959247867
"202";0.726556776556777;0.762424649687539;0.737834462980894;0.643475250951887;0.720328536549334
"203";0.753684815044817;0.744788279035435;0.687915431331293;0.710058027079304;0.709113164337045
"204";0.74585844924828;0.749564722074057;0.696113165479363;0.668122845338035;0.64949061417577
"205";0.836162962163717;0.869067232874636;0.870111422668241;0.826468490498752;0.803541151001809
"206";0.689136635765104;0.754456082322675;0.789667146187807;0.996974441435342;0.602968460111317
"207";0.710412576772744;0.70187443162231;0.689522864494128;0.681153103027861;0.6924791787066
"208";0.662187511840187;0.661531875451366;0.62449583556827;0.610057286724369;0.628861151784826
"209";0.721790123531042;0.706016003657474;0.692888690319701;0.645499661628694;0.714295380728979
"210";0.707551127978073;0.732192435288289;0.690417062737643;0.668869654678833;0.677833008377434
"211";0.70897187099872;0.768728180890488;0.725481859410431;0.736967632027257;0.759782099343955
"212";0.579773283915296;0.575932118213271;0.72440005025757;0.826795392953929;0.418269973728945
"213";0.867411984230794;0.888280363918829;0.896964694388913;0.90527998906174;0.878328823439365
"214";0.704119224572569;0.751387128681607;0.764376441307742;0.760726031755396;0.745082524961158
"215";0.611192713157779;0.618424144659456;0.589174437898978;0.590567375886525;0.579273830950705
"216";0.665498277662993;0.674302990271811;0.678534679610822;0.679874073217626;0.651387849690319
"217";0.663816666694068;0.69180239398026;0.689306246275297;0.722370570558458;0.667347301136364
"218";0.652377144832952;0.694489812444895;0.645767468684255;0.617650548685031;0.594629686204338
"219";0.786462458800801;0.804720271169758;0.788237158238033;0.777073962204017;0.759986736667588
"220";0.872637166478767;0.580212062792619;0.871214976755874;0.875211577522004;0.552343387470998
"221";0.904223868969775;0.900013890166598;0.911105374356113;0.917129735672729;0.912993403674924
"222";0.727520090267309;0.754339384657331;0.766775993865739;0.75595532124228;0.73987890000841
"223";0.637101587505925;0.651295938051416;0.619707159513196;0.612942652230895;0.60041621812993
"224";0.64011634186724;0.654325701481834;0.638010651169511;0.614475415719584;0.633358069437837
"225";0.642096308808607;0.667784636599174;0.665410752426095;0.664136936070452;0.658398500348181
"226";0.666401599396637;0.698305427139986;0.670319010978453;0.674172975317404;0.634860432780384
"227";0.798036297078393;0.813728308084251;0.826172555682286;0.820227232207977;0.807897657148467
"228";0.827907741450582;0.840829896416078;0.764090480678605;0.906095938649347;0.602934661068799
"229";0.999672170853269;0.999579155343227;0.999947133384187;0.999270076419009;0.999954080133229
"230";0.894116710103521;0.911764196034739;0.913157159264095;0.903554017974207;0.910713691634646
"231";0.882964278954138;0.91295696907152;0.89545713446232;0.921793841682144;0.902831290643142
"232";0.879824010330777;0.895744178631031;0.902232953922081;0.872222222222222;0.87861520456403
"233";0.887788363365435;0.877027626322385;0.827453101071975;0.851610024255764;0.838022512944577
"234";0.934691144738195;0.951518831686885;0.949067908621923;0.946837250955289;0.943010525910097
"235";0.893364508140301;0.879918350037611;0.863984994839708;0.910485110744178;0.861475980787721
"236";0.930397514373297;0.942631380024004;0.930092047648194;0.930425433243547;0.937197622327786
"237";0.875929351656096;0.784387158043072;0.985424356288587;0.907077393075356;0.846025626159555
"238";1;1;1;1;1
"239";0.964897589300415;0.974042474433779;0.963452921419128;0.965576051344195;0.96198215230037
"240";0.930747170679556;0.947621756486412;0.932777401679136;0.944229653683537;0.929159149583946
"241";0.941106925971202;0.954656190912226;0.95208276934506;0.949423352052088;0.935046525048987
"242";0.954086229709233;0.968187126629397;0.951563877157392;0.940742936178621;0.942499890891634
"243";0.967661469584547;0.958891939697205;0.937273268986472;0.866523663602315;0.916005119531176
"244";0.902640666740142;0.923876330263107;0.870350081853671;0.751166723030098;0.851251497803222
"245";0.939999912698574;0.952641285505195;0.946057395053693;0.928218723914552;0.948231040404953
"246";0.744241144733756;0.462621086620806;0.46175972927242;0.658547586829048;0.707386363636364
"247";0.99961777127844;0.999545656461124;0.999972976711065;0.999446872690264;0.99964726560833
"248";0.896706084179103;0.919994447435725;0.917637814064666;0.926703538205677;0.912753617160539
"249";0.863153527373662;0.902573378783658;0.890296701026132;0.883067972312967;0.878332300357568
"250";0.850774853993428;0.889713688487397;0.875471710501478;0.878773637374861;0.872623414911972
"251";0.870734615727409;0.879299715488544;0.819264774313634;0.819153823355068;0.85101256707702
"252";0.928917642309394;0.946192030802813;0.945978084879104;0.939147988208077;0.94086319967241
"253";0.895819463323915;0.886385639444679;0.858190847687394;0.912882766173953;0.853987691667903
"254";0.94489609566252;0.957614669710576;0.95776289148933;0.944213553472951;0.944663527628062
"255";0.821774079819489;0.795938272979423;0.996064949761668;0.92341310251188;0.911510516886736
"256";1;1;1;1;1
"257";0.957610392590458;0.964733030041764;0.956932148226499;0.960390810668075;0.955807587344732
"258";0.907642195583004;0.923354780220577;0.909620711592512;0.928376876334604;0.910699496970764
"259";0.91842956734607;0.92220422600475;0.904413911255782;0.909503846912606;0.91253906720883
"260";0.930184167643595;0.94230540990672;0.918125491738788;0.919163585362744;0.924538173751439
"261";0.92657583559815;0.949593987658496;0.934650543565469;0.856905521379206;0.930073121720086
"262";0.907578339486888;0.935561623516721;0.850516722443224;0.755028248587571;0.881981354707033
"263";0.934176319176319;0.939662295740277;0.895407098121086;0.90278386405687;0.929329411764706
"264";0.487579169598874;0.962641832584029;0.549392002005767;0.502859615456974;0.475393700787402
"265";0.61896973752506;0.62157295177435;0.613572222718564;0.598961605561113;0.62184779686154
"266";0.595882460173799;0.571330324722482;0.624204033916462;0.528610750639756;0.580314646435765
"267";0.624264892127064;0.583785655631166;0.639342266870622;0.616092479677114;0.577385838803252
"268";0.591511461934985;0.62025442722355;0.579269886090676;0.662963636104459;0.616847964883079
"269";0.638679814138261;0.562108940058154;0.474283539072271;0.465602041605444;0.59002239638396
"270";0.604401076878501;0.686210640877335;0.662061749460739;0.6184809022369;0.64545695754717
"271";0.698138350377068;0.72757587658174;0.759055508705789;0.518830399458362;0.621974388824214
"272";0.833122557617157;0.865225829659436;0.884299848109214;0.839384684990386;0.800026503271892
"273";0.649376537117972;0.75598434298324;0.477487054627756;0.892505934214988;0.787455862264491
"274";0.999341486636949;0.999569956439683;0.999230770196244;0.999778063677645;0.999641335407759
"275";0.880531034770789;0.902058030572715;0.898882729803445;0.889513415425785;0.881637098524305
"276";0.835633509021891;0.856382030666886;0.872536367048288;0.851661694303753;0.844620392102153
"277";0.837754491410763;0.833651985586881;0.83412924664674;0.815312608847092;0.812619493908154
"278";0.793240034925587;0.823374789597886;0.811571965447043;0.782644312020963;0.782482617193758
"279";0.825501171569904;0.849375671405553;0.851483246069559;0.804137457370216;0.819251202946546
"280";0.834368981065634;0.85488721838027;0.838744869949899;0.822884826561592;0.810345850975426
"281";0.909201547147196;0.906293924095782;0.915672461504259;0.917875183314323;0.909109659109659
"282";0.908599756582658;0.776449108625623;0.895167261956617;0.955904217857422;0.900225036166527
"283";1;1;1;1;1
"284";0.864509657048286;0.893223005876538;0.894842318274136;0.871364949797634;0.885778299313755
"285";0.799646086184557;0.82963287006596;0.83255352649749;0.834913379073757;0.820571653040148
"286";0.78274837615701;0.789156635266321;0.82032063274662;0.777130950949919;0.785414705486821
"287";0.756120148799621;0.768118647623287;0.7573291824496;0.747144729451414;0.776155040964059
"288";0.709650887579378;0.74402540337741;0.71790741641009;0.698656619257097;0.726451865606963
"289";0.731615731027755;0.745400944174701;0.74732567431777;0.743234012922019;0.723608252129019
"290";0.884422659785387;0.895382606888023;0.898621850294657;0.898648049364571;0.896291357556723
"291";0.76833599299102;0.635275229357798;0.376904627539503;0.237128353879623;0.362610004631774
"292";0.88194442244591;0.881114248297143;0.898690131239183;0.889339383584825;0.88576330968653
"293";0.725388882026734;0.73503932238976;0.757527593497827;0.736740896329783;0.701820441743951
"294";0.735621886637825;0.778012868812712;0.767533352342844;0.765376679348096;0.757742052872009
"295";0.781401078457394;0.788369956434558;0.778603602269631;0.763977978398832;0.758987278684096
"296";0.751216111202689;0.78894270480972;0.812243214173575;0.782804836922484;0.7561484429964
"297";0.806941415103258;0.840182630022221;0.838521818965245;0.804392381039341;0.831500882259582
"298";0.798555583357443;0.86321954142395;0.843851932598231;0.854517236370309;0.835986696230599
"299";0.892430293389255;0.905505683013854;0.92662811767851;0.940281661990915;0.890413233289226
"300";0.717464013275532;0.840881619702349;0.855145673327492;0.964732162669941;0.67693131548312
"301";0.825712632439919;0.818461023777452;0.828431773433715;0.827333408543923;0.815797704025315
"302";0.72689269772232;0.730106973523999;0.74426987537689;0.737616695675761;0.73261367904645
"303";0.629807638657629;0.650176940936585;0.647551461323009;0.632146707994448;0.652523572963985
"304";0.696895570183241;0.723120514486195;0.743625948714966;0.73283034617079;0.729465835101458
"305";0.855726231640893;0.883166275261618;0.88825875238378;0.900532676929489;0.88770622914997
"306";0.869303851998058;0.722247748575629;0.935298742138365;0.887330623306233;0.88547469823584
"307";0.748933282837846;0.756560351575225;0.742088988722087;0.732153212115899;0.739757841188907
"308";0.566860074524782;0.605654148195515;0.623234430894704;0.621819805606934;0.58895257691554
"309";0.588835088711388;0.571613330259569;0.584083308646852;0.595127178481833;0.569877889370144
"310";0.576086279492737;0.577697994772816;0.549721703460059;0.570696982575436;0.553544611661872
"311";0.598501187131682;0.599360306280723;0.546923324249012;0.54553884009955;0.54599134745266
"312";0.601286290962833;0.607085890798603;0.544337207830603;0.555954018186144;0.584808664386518
"313";0.622574830129991;0.656625840033369;0.599844008890685;0.550492737327488;0.589429636437908
"314";0.664820969426137;0.646262895014888;0.58883231685717;0.577738893456121;0.565324650657984
"315";0.778260030864197;0.889954180406103;0.861634178652536;0.699518414799728;0.717609462453358
"316";0.742029597209109;0.767489958692057;0.748112765604475;0.758735497835498;0.721039014821273
"317";0.873697388388939;0.883501776544559;0.900418717374009;0.878049422638517;0.880261458465073
"318";0.874423155766163;0.882882895062699;0.90055160165804;0.87826692689154;0.879699311443418
"319";0.864065361318496;0.691726012072233;0.957721999333748;0.855267615176152;0.77819235225956
"320";0.627173445734218;0.649523883131437;0.697940966743615;0.723218018394649;0.706164611518596
"321";0.604631261314249;0.62142441269334;0.612121795577071;0.573641636141636;0.581543862298052
"322";0.899977196680954;0.92996909187745;0.84940482443853;0.777873445634136;0.78353277621903
"323";0.870934427183336;0.868561813561148;0.889714855190368;0.796296877615938;0.858277251184834
"324";0.869208221500212;0.878112661830869;0.863908921481241;0.812831485053038;0.869162570224719
"325";0.858358429010603;0.87517010494327;0.857629727352682;0.806876843657817;0.863022979161212
"326";0.93454980977878;0.700577220056372;0.904269324807222;0.787556497175141;0.842925589695841
"327";0.895968262941129;0.939802480477722;0.837673611111111;0.874213762535711;0.934016734647428
"328";0.832527070608796;0.799580058560641;0.839532431757099;0.86077044839268;0.775166472642608
"329";0.764265972761648;0.766568655467393;0.771003408164495;0.775181624165881;0.773387219729163
"330";0.590508432579149;0.600794639310122;0.586167784252602;0.599808056151639;0.601001917118983
"331";0.652280331119886;0.677717566253663;0.656316332997373;0.632398889923925;0.64388444303525
"332";0.676081403213838;0.693368647205069;0.659569537192903;0.648224527489619;0.650357184113469
"333";0.822250134488474;0.835558880263801;0.845341045439506;0.861373579289194;0.854790505411169
"334";0.792128032915835;0.657661498418112;0.931336477987421;0.746480600845411;0.721410324464203
"335";0.787276209629727;0.782511880804182;0.806328919753114;0.821146807228143;0.806209679480117
"336";0.719736018693891;0.710999487550941;0.689387054656394;0.689542577551507;0.711007829613956
"337";0.773188011869052;0.774032830310188;0.764745962333774;0.739056995406067;0.783233953795899
"338";0.765705597551483;0.802872176391635;0.823688349310695;0.803018583887043;0.813886604728417
"339";0.715715810410906;0.707470166810519;0.679403185556353;0.653486977381768;0.756754592132433
"340";0.755122421166408;0.709315702087286;0.818123114630467;0.908043498351868;0.558028650393468
"341";0.835666423568841;0.82560264698869;0.836418205278798;0.827059238374298;0.826914435603064
"342";0.835825951651109;0.824284326783972;0.836564677628121;0.824152057174445;0.827943372917968
"343";0.817559188275085;0.711175025259484;0.913244438532903;0.998795951386537;0.997915218902015
"344";0.827409770428029;0.829959400325446;0.852296088170856;0.82312181122449;0.836007296919833
"345";0.623383916949427;0.62301468689258;0.615160745877209;0.643571941598272;0.630838161764211
"346";0.663521716478472;0.647347958241065;0.680959779298611;0.65271142394229;0.654381253357717
"347";0.801929512345372;0.804318506163494;0.836171970495258;0.81398362701086;0.795731229209642
"348";0.856380578130087;0.835075606746195;0.889284336419753;0.836038128614459;0.820320644386787
"349";0.756098661057862;0.774342201744763;0.789441284686051;0.809301343725896;0.759255507125183
"350";0.877633620081794;0.670000153087781;0.993445575239771;0.998983739837398;0.997219647822057
"351";0.927045639740851;0.938619358039962;0.937507721298273;0.928044200334325;0.935795957263913
"352";0.924126423705098;0.937793209134181;0.940872616846128;0.928650748845425;0.93521294544128
"353";0.801259323780548;0.88761528568804;0.840140880003968;0.9843350482117;0.640869795634461
"354";0.810639181652535;0.804345635155751;0.830381957220848;0.812896680812825;0.810403185492832
"355";0.717468590006129;0.724871485502054;0.701170295662922;0.672801710957043;0.679425048494073
"356";0.78896128130357;0.797108795147484;0.792507342948849;0.794245413709058;0.769144443248029
"357";0.876512903222619;0.885964109028637;0.894465565191183;0.872021306419961;0.875316610707565
"358";0.872511335891175;0.921593923318061;0.903203579100328;0.884338280766852;0.92944262295082
"359";0.72442702610476;0.710992733494789;0.728892953488751;0.721724918765722;0.706268513930153
"360";0.696373161394318;0.779464981716089;0.998083930141978;0.939025423728814;0.657581380963427
"361";0.707972146794173;0.704835946519878;0.721991496502353;0.705843377206991;0.698552186278262
"362";0.654648696246704;0.656123551493589;0.642482720216772;0.619479287300194;0.62508449388587
"363";0.696220071069932;0.715245701351391;0.666139446023167;0.672257230305907;0.691251195917933
"364";0.714992173046819;0.687593054657097;0.750249509030617;0.764881197314742;0.732853090273635
"365";0.705757981941014;0.828783381345375;0.791868102059066;0.76235935901807;0.765968927640296
"366";0.827878508224309;0.670813023084705;0.932231818442788;0.999700028692908;0.87034728664193
"367";0.787808468902972;0.790145170361898;0.798352970570444;0.789309744239873;0.799045534026129
"368";0.723558338745232;0.717981273700319;0.738215707074909;0.724312657929914;0.701143821873733
"369";0.663928938349656;0.663368371071585;0.655700246643799;0.652857874929056;0.686873351356731
"370";0.683329534752961;0.68314435750602;0.669721727431479;0.665788111799095;0.682262999937038
"371";0.748356953438485;0.741727411789021;0.73644956844126;0.742937694353902;0.747237771326073
"372";0.85919954744732;0.909117439252911;0.832509409164227;0.945991380081192;0.89458768873403
"373";0.789913273389994;0.785561406548369;0.779396448190315;0.766540126767801;0.771702225941423
"374";0.663790716767862;0.676097394908456;0.63369733796912;0.638199004658706;0.633209585199728
"375";0.633091767997812;0.636164057973122;0.64351388395514;0.609599079457364;0.61466501873148
"376";0.678791178164088;0.68032040687676;0.67624659650819;0.664956434657984;0.662179805580804
"377";0.808080005554829;0.808928727447735;0.80126088821741;0.797423957374322;0.79555053328409
"378";0.807045928097189;0.905446287440725;0.831683667044453;0.761170478378108;0.794533178114086
"379";0.791966079918967;0.802384048752212;0.800803010102995;0.79446452596046;0.789929061514849
"380";0.679907664611624;0.692725913607982;0.675369955088073;0.656087750239797;0.668274308370205
"381";0.620227240990041;0.620986986106888;0.611297349854471;0.563502872495498;0.611420132945906
"382";0.67849925602962;0.668056657684317;0.664058114934588;0.667586164428551;0.656982546934228
"383";0.771014511561203;0.783009623764051;0.782735399040963;0.77671247713488;0.773896163342303
"384";0.846393930818015;0.839172586646985;0.891281836828166;0.944568545941388;0.766907368584517
"385";0.676634820782457;0.678590373910499;0.668724101988682;0.654503730490339;0.667753835650831
"386";0.679474668037283;0.661077485971999;0.620661302768598;0.616771802034058;0.650925581070543
"387";0.611840207476107;0.609100883672738;0.599861937015464;0.549555127423566;0.589642365031976
"388";0.639931388039249;0.654714592924326;0.614615442576685;0.615339066177701;0.617703675345313
"389";0.699407392319059;0.697340612546955;0.700808302853251;0.694645100502513;0.679132519591161
"390";0.820463593364357;0.754634326293461;0.934993976099769;0.999405974202308;0.843651531587375
"391";0.780494557889137;0.794325750650029;0.794208006247174;0.812536501487981;0.795157033862876
"392";0.674468144461255;0.712159139747924;0.713042583127561;0.686820538185553;0.715316130522795
"393";0.658063601339308;0.665664911950164;0.67163059350988;0.645637964365757;0.678074577248444
"394";0.691382943827066;0.698146066766506;0.681662964714517;0.648998235861457;0.686904234101633
"395";0.720238581264713;0.728768744822125;0.725515294379494;0.735700696581656;0.722384351447257
"396";0.73585799539998;0.918997481030934;0.947065844842469;0.889726376614548;0.862606116115979
"397";0.763534184527606;0.774973162261746;0.770487077354767;0.756254546007322;0.761437806365483
"398";0.678031808794552;0.69330236909851;0.646281374391862;0.638820457111995;0.671111038771382
"399";0.698036089517845;0.720812944270321;0.712975196896673;0.685963131147112;0.690575959578804
"400";0.798118420235274;0.793354499438468;0.774638100152201;0.747126099168395;0.769121194686692
"401";0.828772265023113;0.84255560322018;0.802201031751467;0.815313770325203;0.795267112356565
"402";0.872376048278479;0.847897842522589;0.921973634426589;0.970725862599375;0.895507260824776
"403";0.762980675322806;0.781078764511487;0.7823482678005;0.756447696794756;0.757103410179893
"404";0.763570385882586;0.781647424166291;0.78583650173878;0.761517484514905;0.757269009780032
"405";0.670834976597439;0.80274374955226;0.944470176678876;0.857069995628309;0.995834301200155
"406";0.733116124170987;0.741965877876246;0.745747413055582;0.738229408395684;0.732842948099556
"407";0.736582027402202;0.74154030885974;0.750072661502983;0.732945413926345;0.731046192447085
"408";0.793595553866733;0.783738959815281;0.749561585208212;0.63855727463517;0.727428571428571
"409";0.872528248587571;0.804056096631311;0.935373427672956;0.857195645660641;0.926194895591647
"410";0.814865988463913;0.807417210074579;0.826181515592791;0.812861989686418;0.821747560684187
"411";0.690130644534783;0.689154658964547;0.647093761775091;0.675754482286946;0.667294102804799
"412";0.658647163049246;0.667296272968555;0.672206866910282;0.660308710781295;0.663042134251047
"413";0.766087487781036;0.782363896965627;0.796781803649506;0.780593970228176;0.757432553703468
"414";0.857090425858288;0.873391177222276;0.874642705255618;0.846235107516466;0.857875622536116
"415";0.954546441561262;0.921892239794042;0.741992322698383;0.736896278701504;0.878247408803338
"416";0.785194796576788;0.791726874058963;0.782025784149615;0.772839541185297;0.785499121461468
"417";0.680028413489014;0.679781540386659;0.64871333167858;0.618415835740939;0.647684867301549
"418";0.675412725700348;0.668452731883763;0.666144676896144;0.655816669144613;0.650861691942002
"419";0.789314918293458;0.783886091351691;0.800758674143984;0.788343657817109;0.805749169841001
"420";0.803340245455768;0.814741490019219;0.801216978800166;0.827021637366465;0.792650908595743
"421";0.914781524798177;0.831236534389099;0.994965877211912;0.95766503545391;0.777988372093023
"422";0.642851569450828;0.693943496395742;0.701046738413616;0.642462495782398;0.675748188377525
"423";0.633533758184669;0.629669396845487;0.643994075653371;0.598828021401158;0.611687195493503
"424";0.603521658588942;0.605280986276121;0.618894545773563;0.635557776508662;0.616556465721321
"425";0.655991736874118;0.663007167630867;0.679616623670348;0.674897919317856;0.651039327408569
"426";0.856773851142771;0.797827087376698;0.89353651786005;0.943196283095723;0.988238935314144
"427";0.828114061085787;0.839494609035097;0.855053203820475;0.83448247221904;0.836826813526643
"428";0.828010685623059;0.839788857346421;0.854845893978558;0.839157311841993;0.837896598199979
"429";0.822121327164854;0.817753429702606;0.870027026146983;0.90204504197867;0.785626261363433
"430";0.822380071959759;0.816720761020933;0.822373795402772;0.829307760653669;0.811569260926266
"431";0.826147268517457;0.824850842892184;0.825235392763783;0.829986026074209;0.828805841611476
"432";0.787095016270089;0.78287271643565;0.749654314117925;0.776656821703117;0.7386918024743
"433";0.87411253320454;0.91690750277204;0.957543130588087;0.883551735874745;0.764449860724234
"434";0.897521106338686;0.881775317753178;0.895293887508882;0.899108485478322;0.893350132625995
"435";0.910357733319867;0.88795569063941;0.901031783681215;0.90714016308057;0.906638057707721
"436";0.869141092632007;0.8726771473054;0.855580113192818;0.880035120412844;0.837498242893354
"437";0.892928631489653;0.779022281506407;0.932606094950258;0.88632498453927;0.89489229730585
"438";0.781352334598091;0.766013299554627;0.760892185722426;0.788946291390425;0.748173656473855
"439";0.753468309343972;0.74915142844061;0.742170509936258;0.761844119090935;0.737952169769553
"440";0.797774514608721;0.782292334732822;0.748266794749402;0.771229057167416;0.772626700798551
"441";0.911699062222622;0.936760856391386;0.999479014034059;0.689150597359044;0.735208816705336
"442";0.875336923433842;0.861332688731118;0.82691851564353;0.835904383903574;0.847280603507563
"443";0.801223813725555;0.809885035926033;0.786825255288386;0.735754511389055;0.77201865980653
"444";0.730473253145638;0.747846207663976;0.712084817666266;0.726567084717256;0.708136401462652
"445";0.729970030984465;0.724429743596544;0.689397815232735;0.684259475979781;0.696506140739182
"446";0.820977903696762;0.831631568262561;0.81010026777307;0.816925493732962;0.804215011852741
"447";0.922084687102698;0.994953665268023;0.917520401260338;0.99937789842778;0.91831995222613
"448";0.872821208642104;0.866198085626176;0.881055924061199;0.91794575633128;0.904238243142522
"449";0.884332884436912;0.864508292115217;0.882869932016043;0.869723423042639;0.825715200277779
"450";0.792540494172244;0.800682399017023;0.786874079150248;0.795682214914952;0.792649609375
"451";0.777076464707023;0.764605727459072;0.741531462747344;0.750235243254241;0.755130347672178
"452";0.832008332034532;0.83354710861889;0.827779161835772;0.815651981946625;0.826074149152709
"453";0.897540259923718;0.855799004700028;0.980840773809524;0.817284160435078;0.881985278565083
"454";0.848272029700044;0.847512784751278;0.83067935475644;0.84366574147502;0.846696949968434
"455";0.84661875610532;0.837161884242484;0.840692116583458;0.800654084906053;0.825573725055432
"456";0.762604239453953;0.762678411703794;0.711247269918497;0.727272234931198;0.757943390858695
"457";0.746442473052902;0.732579883539157;0.690133915307445;0.676708141088672;0.711791190422986
"458";0.811838235246764;0.802380618975735;0.774308878284423;0.776804906910145;0.793631268172503
"459";0.908057416753684;0.858442386262403;0.956595820232184;0.80819170632223;0.878860165958087
"460";0.753317451287157;0.728029467869525;0.68150863705391;0.740698551710875;0.795060110121189
"461";0.715943356616665;0.715063994989741;0.742995628731781;0.708772330781244;0.683033838973162
"462";0.731320329929813;0.733333116755139;0.71731850117096;0.669186645439221;0.699020915593188
"463";0.726580569529067;0.733302583759058;0.687328029729162;0.688797875269235;0.702944260545351
"464";0.611024646314685;0.620317058612486;0.62907079886456;0.622941058760751;0.624739943519585
"465";0.700953481127793;0.710093032254784;0.71148612172265;0.711764277389277;0.705177890348026
"466";0.880397960628806;0.942683470033484;0.937316145570684;0.969588854909956;0.928489486524164
"467";0.659504091338319;0.664092106811213;0.663948399756939;0.662287442272991;0.64245210230762
"468";0.663535844954993;0.666693427764608;0.67496330193884;0.648170574138602;0.667680308051244
"469";0.640240497322918;0.664869983667938;0.633355544733688;0.617264373851405;0.627226176443383
"470";0.772023598004764;0.948756057270502;0.988754488754489;0.996600951733515;0.896650136887236
"471";0.715240001075422;0.714094600738632;0.713185455702545;0.70370082378905;0.700764052631131
"472";0.567251512539203;0.569839705693576;0.52297097702378;0.555314913483684;0.545955365132574
"473";0.586808451615886;0.603083203041611;0.556310635574347;0.56046127219995;0.580397900710401
"474";0.693267855091534;0.679665750723034;0.644839074629227;0.655048399356166;0.642276988079259
"475";0.916382056040326;0.634967162654789;0.989150658116462;0.927982838033945;0.871420110833792
"476";0.857032245743941;0.813889149040231;0.82888171951479;0.818461472175339;0.838255147577857
"477";0.801330096596369;0.754796042264073;0.73424422655258;0.697069090814711;0.756312321026465
"478";0.826457851321422;0.811078840302233;0.791607616849394;0.810227518179855;0.779584171796086
"479";0.811299913973825;0.794538382178289;0.801196105187442;0.723639859744373;0.818402111240178
"480";0.814865614233801;0.729174533701634;0.721604636775097;0.703891257995736;0.718617297180216
"481";0.848814476299772;0.812860965632518;0.860923864230153;0.873479155483986;0.860514854356419
"482";0.94991231681432;0.941852866752446;0.974835983542755;0.948217553157928;0.944927627100426
"483";0.89208555737029;0.884709076100205;0.905659004334249;0.875126353484986;0.889823093091471
"484";0.848560079902227;0.827262099886472;0.823380580316969;0.781079963725595;0.801782510706558
"485";0.8404147021003;0.879383590452612;0.855074898625172;0.731850715746421;0.860507515457582
"486";0.844025565353435;0.883545842552337;0.837099811676083;0.85602195423624;0.908689024977001
"487";0.878256171449889;0.866846764123697;0.887192236487953;0.898045317166515;0.867264498391949
"488";0.881090330678784;0.889952336557981;0.867421655343848;0.910989904175222;0.864663516784613
"489";0.918372959415656;0.939749600098437;0.96330366682173;0.925917810887136;0.917962452079825
"490";0.923528030194333;0.909562955759795;0.902040600701132;0.877704819521524;0.887178769997207
"491";0.905368449507017;0.903854233881182;0.929206503538054;0.905325433245924;0.910027778685578
"492";0.868470944902408;0.859575928646371;0.856447378930714;0.854634050095741;0.869963631905852
"493";0.845646501910566;0.844457397075681;0.828522742771413;0.815037812306422;0.840553140498436
"494";0.847937010525401;0.851548667706651;0.83435790177217;0.815250799292156;0.826686404512768
"495";0.897588054771041;0.89743125298293;0.872224154996521;0.861746172647681;0.880564755144503
"496";0.901449309590163;0.899301041111411;0.950667108251325;0.958557202816934;0.942129531706079
"497";0.930493767165146;0.916080247749796;0.901551336123582;0.871804452620082;0.908812811262221
"498";0.852498975820295;0.838540826659284;0.825047878722619;0.771172576230187;0.8001846056032
"499";0.812020724830065;0.804333332065795;0.763027941047373;0.744381211429435;0.792034067379926
"500";0.798241977667213;0.777411430065175;0.74030199908392;0.703241500914282;0.764090074075869
"501";0.841530169970932;0.83455288890915;0.827307351724495;0.776224128752008;0.810804276125322
"502";0.909116563548444;0.901436451603184;0.882518079675692;0.868877342789621;0.897674347137238
"503";0.915994191998817;0.905166497086301;0.93423628212414;0.941526237201365;0.956618205612256
"504";0.849347898812154;0.847076949695769;0.847296943439345;0.828443501259134;0.856874813779194
"505";0.708547310837831;0.755573707515099;0.730839711715738;0.726881672332558;0.657647138511955
"506";0.686639631866003;0.735883803753554;0.77096400057991;0.784550062207229;0.674537130716309
"507";0.695077761777292;0.719100572733698;0.761137085334967;0.723467741935484;0.744647696358741
"508";0.702872814781099;0.711493412527801;0.725683301515175;0.710178650245757;0.743134274748216
"509";0.777558347598295;0.747756293853762;0.817402559579284;0.79085289032432;0.81397853776768
"510";0.96893371238921;0.946611095717496;0.951387948544347;0.924040102389079;0.978927384561567
"511";0.798913434606499;0.829505314268027;0.837145440139234;0.821195247404925;0.824761782232645
"512";0.650771905669934;0.662402170927649;0.706130290531892;0.66613791238171;0.637750189062808
"513";0.693897373773579;0.696065413211661;0.745011952292637;0.710576170826366;0.681594093149311
"514";0.717230947352713;0.747520877190121;0.780830865754604;0.741859414036835;0.727789742549329
"515";0.796587081434516;0.828724737146962;0.826193524990533;0.819319978914075;0.809262545378548
"516";0.944395485466914;0.941006694262306;0.996080907579297;0.915117373806346;0.915729717813051
"517";0.747865743984538;0.751868363378363;0.742559130703318;0.745088844499506;0.740115646949131
"518";0.65260130315538;0.682617651908754;0.658620378844607;0.656876276707337;0.633338163951538
"519";0.709749938408475;0.71372928708783;0.700799322104512;0.721137439747473;0.713268341870465
"520";0.73157621997401;0.723765680439814;0.673548993568608;0.687804453723034;0.64206760748277
"521";0.750717025713289;0.759965449916735;0.685959185356484;0.64855558848655;0.692371418628569
"522";0.918355204262102;0.927751623450967;0.921861964353432;0.954069544885523;0.930570185705368
"523";0.865702742619921;0.875880420737106;0.868015701842127;0.85570702225141;0.864966291509141
"524";0.79594396576263;0.799337305541789;0.777498215483582;0.754672960951783;0.758648894219246
"525";0.813220738052963;0.833055438966112;0.820229653660225;0.828445465323059;0.836906474820144
"526";0.80602913183812;0.850439356882656;0.827778112970762;0.718463225632908;0.798763851126965
"527";0.857945587722358;0.867051248197274;0.851900434539586;0.768246510044263;0.870580934571117
"528";0.867971491892839;0.883697981825764;0.760965965601727;0.850051003060184;0.845054017212264
"529";0.846528905918915;0.742918788141408;0.856769315181235;0.749537000808618;0.818429657237018
"530";0.903175608950957;0.893774817356254;0.858357102110668;0.896065871555248;0.89308110412448
"531";0.921290057379203;0.949011211460604;0.941008298969962;0.960908567196116;0.953522306898694
"532";0.883504266166526;0.895392108193224;0.8783008083673;0.891366290722744;0.89590229808439
"533";0.894637214775067;0.900511147351789;0.894843595735092;0.890372392896735;0.896132873698597
"534";0.898302972094952;0.915242778266592;0.996503595760787;0.941946051735875;0.934743041087854
"535";0.884643233093091;0.894243274842369;0.878560940416687;0.884218759237334;0.889907838873356
"536";0.88892028006886;0.891985537757482;0.884382251500554;0.896247612627795;0.892557190306951
"537";0.902875608637743;0.89987675957631;0.895349419930342;0.994050658044021;0.880585902116329
"538";0.868779424822248;0.87289664548276;0.856475891957648;0.848994919811265;0.854772466050828
"539";0.797208666975752;0.78986380626245;0.752405472636816;0.739442583200681;0.740322185318722
"540";0.810888889844577;0.825987840731154;0.802227392060386;0.781824656824657;0.811844189720081
"541";0.860382359561645;0.845318498695107;0.832154377749558;0.839993821026878;0.841252864782276
"542";0.828291058523452;0.888502979222624;0.809453924914676;0.78025489336839;0.835140688897479
"543";0.864581395521888;0.864682167309631;0.845754759857082;0.827967313585291;0.776810677672747
"544";0.783591496742704;0.882205268648931;0.810458577090017;0.706805838424983;0.818861022681195
"545";0.937566711249042;0.92268528771796;0.879746552215126;0.907494866529774;0.883019951779155
"546";0.953217067782816;0.944114469791342;0.969048126737427;0.962665059735904;0.929188287080224
"547";0.839523546265973;0.8255823486748;0.825220518118245;0.821462721559385;0.817457629181304
"548";0.724885621658667;0.714530298819671;0.705224493412792;0.695508796652148;0.695481279078853
"549";0.798903084597373;0.797040024760368;0.786121023848934;0.761598177386026;0.750382013545775
"550";0.826738088704454;0.852831201568481;0.769668017373802;0.752105116796441;0.821326530847172
"551";0.858940183691121;0.845641975913318;0.814547738963284;0.846303694654472;0.808977324778001
"552";0.872535709234903;0.768671144479359;0.775050867367273;0.852863698164514;0.771712930565275
"553";0.862215212494493;0.854635253016349;0.846037692017307;0.724288617886179;0.763977777505843
"554";0.917913843664678;0.885609872020773;0.873008013077664;0.840549575994782;0.831863465424066
"555";0.937378297723615;0.925320147954894;0.988053212661107;0.962445580162786;0.953901356026881
"556";0.865613645491493;0.856359370597869;0.865391670781216;0.874894764946986;0.88447589878924
"557";0.805547178157106;0.794779717936045;0.800907098242302;0.804050613815082;0.82614041564497
"558";0.782833776488599;0.809573257410248;0.796835222024467;0.825075727163242;0.802639511415166
"559";0.787647148352831;0.745817616875228;0.830660283803033;0.792120243683212;0.747216582345893
"560";0.78041472210437;0.861406014806623;0.89249213836478;0.627605185590943;0.896682534049609
"561";0.825135453474676;0.838270664464055;0.909786117836965;0.873803375329316;0.87873857120719
"562";0.678060984619518;0.634024265644955;0.805190702623616;0.652707228054333;0.887510164962825
"563";0.877188783458434;0.893624059300842;0.860679650317622;0.768135782128319;0.927595352495961
"564";0.921522915554463;0.947928603967514;0.903541903678422;0.954973851750796;0.902830471745291
"565";0.772302520171732;0.76761519999119;0.757956869840082;0.752700624085468;0.753201313669487
"566";0.680295056267846;0.698358919334847;0.672420073343014;0.647983102364639;0.659249568620375
"567";0.719644043421446;0.722618159951048;0.670229107913578;0.685035902668155;0.70323183975545
"568";0.800431232122972;0.822894892314303;0.85170953686134;0.85892799742848;0.867639344262295
"569";0.886673079155541;0.869796608159393;0.908065672768447;0.938507072983171;0.919283388112125
"570";0.6436810835092;0.657649630721463;0.531725392006258;0.628453351449275;0.677533248113277
"571";0.558160168493673;0.483919933277731;0.555445617121079;0.589315929417452;0.636015769944341
"572";0.680780619645356;0.69584528080047;0.660105420501927;0.646312526621849;0.667189116914363
"573";0.915453746306064;0.962434931144418;0.899633382444096;0.958794426253018;0.915042720037453
"574";0.675120436460554;0.687325537450122;0.694101840234667;0.703953788695914;0.680634976056691
"575";0.622287113109182;0.642157812594996;0.634731958892407;0.650873975216464;0.624638027769143
"576";0.71601331027985;0.727329578701552;0.708225052972608;0.676428146044253;0.671533558015662
"577";0.919428904743888;0.965382713109424;0.939098950111504;0.956129448600588;0.976757431857484
"578";0.807094301700851;0.835206603793718;0.848045944368186;0.800552773999363;0.82676100526161
"579";0.820474483316975;0.84988286803412;0.864469354848306;0.835358068486762;0.846427158508833
"580";0.939667017755845;0.882672392554646;0.906027068883141;0.906770122783083;0.984011679982803
"581";0.750196555838876;0.756061640410011;0.720292572671913;0.752622535049596;0.733921623434705
"582";0.655023210029657;0.648544009132352;0.635502511694819;0.646924480468138;0.653209629797755
"583";0.681681789729233;0.684667558895966;0.691760598888841;0.672247216189196;0.674937626317464
"584";0.647438028716601;0.656849462022964;0.635688650916784;0.641772361424345;0.630980486405813
"585";0.665589814782532;0.714676030357558;0.726674193727142;0.633989292718416;0.634001878957179
"586";0.951934671166529;0.963153315144583;0.975835055096419;0.993728755948335;0.984231460524564
"587";0.727910691349512;0.741001765374916;0.721079560849145;0.730012050551928;0.735061529398288
"588";0.633972651806832;0.643315293802121;0.606373232426815;0.635896357303105;0.628650804040699
"589";0.705872369835663;0.716168807454733;0.635338916568291;0.645839343913795;0.695238870532476
"590";0.693645793989101;0.709732169184713;0.67587289046898;0.641376827012783;0.66713314590532
"591";0.758307091734767;0.753806748754582;0.747857939962058;0.722877891788178;0.696867293587428
"592";0.906512248102028;0.954755500198865;0.995082310724622;0.932622572602088;0.913775238232141
"593";0.799263127599878;0.782779400099048;0.773450041144624;0.771563402673593;0.771374879408297
"594";0.800385700773481;0.781180262159189;0.767798769284662;0.769164522458379;0.772498279442798
"595";0.957989768631554;0.959562752911377;0.908663028031969;0.978221960127047;0.988311890838207
"596";0.756094498623753;0.743067819341597;0.717795866582876;0.729128658333033;0.72293384335886
"597";0.671555872682529;0.668456835466905;0.657434716132204;0.658446126023225;0.650652838542273
"598";0.73803641737393;0.742005106386382;0.714195620157066;0.701114919901367;0.70991575974647
"599";0.948401745856505;0.938565181379155;0.920725217501746;0.9093900550585;0.955965958298531
"600";0.779450508575849;0.786415670214711;0.78795319455817;0.770556470434689;0.76660594544007
"601";0.763662723785166;0.768621239812317;0.763528894571242;0.747439313950845;0.748529541446208
"602";0.95182864254678;0.973895323549785;0.964043899053132;0.968248532289628;0.993137647765979
"603";0.796164148664071;0.781675804940964;0.775239084297747;0.772753863124107;0.749022659022659
"604";0.796489939448728;0.784784837646479;0.782047687016724;0.780474588938714;0.753938666001123
"605";0.930174239612219;0.962337055571;0.973779740851291;0.973079717103231;0.901285717322902
"606";0.741499630219809;0.743514765760169;0.761368583868011;0.744176329600067;0.735302176580179
"607";0.745267691703582;0.753733044742532;0.769809433996647;0.759719426856336;0.750822841677943
"608";0.941197406056901;0.976837452799261;0.930591438703141;0.955612594113621;0.951871978663111
"609";0.721649442247418;0.734880003638471;0.702821555162701;0.711143933941139;0.702579079110443
"610";0.691047396961274;0.692889437070434;0.668550720513177;0.662882867877038;0.692502819387915
"611";0.67637077130948;0.686093980215111;0.650452211696661;0.644505579957613;0.647947874783195
"612";0.734105114303902;0.742261248057676;0.752179924010295;0.662117795973261;0.717391171662569
"613";0.970061419654289;0.968683124104811;0.981092106814045;0.974135148477254;0.944033294392523
"614";0.821760501687303;0.837160098276969;0.82756880083223;0.84162392363293;0.837050861847343
"615";0.739475661044289;0.738972689693664;0.738838769173506;0.733817413654264;0.741663347461159
"616";0.727677167587435;0.738842189612918;0.720973933628358;0.700176941283669;0.700929895412654
"617";0.841294336406475;0.826508478372079;0.820913862861199;0.797076052561572;0.796989123122546
"618";0.836028586797818;0.873035081564564;0.879331063264796;0.886588430535799;0.86897872859543
"619";0.921842554401934;0.960232745642262;0.929118822186409;0.963013347022587;0.878575698505523
"620";0.834094815091298;0.841671014748122;0.858917932118302;0.808958784088563;0.83423832484654
"621";0.756617812978807;0.778761828745323;0.761583525030124;0.740825153052128;0.749239598278336
"622";0.761767752867892;0.774348248364173;0.754834685318802;0.751237653191879;0.76027224646487
"623";0.878355574782934;0.896780886260297;0.874500738081143;0.870995632109051;0.872516477802189
"624";0.913616141026894;0.924012597889002;0.906773023184621;0.918062141869196;0.894681987789924
"625";0.975824694952164;0.956725844018968;0.990415695707735;0.975381912245595;0.928855140186916
"626";0.692070223944043;0.706379416555426;0.705273159073645;0.699405252603488;0.695438349439629
"627";0.830769538619226;0.855151889018442;0.855077506154498;0.828008209235944;0.826598781941289
"628";0.80396463304264;0.81884048385007;0.834060766064616;0.839375693216873;0.830713785320225
"629";0.704146096196823;0.724195299020587;0.715905182180823;0.691010828027862;0.697010125889436
"630";0.937180981925056;0.974992673379247;0.971762867220005;0.957003254471609;0.95753794766272
"631";0.818126417604718;0.80546183079126;0.833401571738145;0.799772157666894;0.850671824397265
"632";0.836100706918214;0.835427876122843;0.85386075729847;0.837575947791986;0.864483367884809
"633";0.96568041392475;0.94404432867286;0.980053191489362;0.990535316171375;0.957043441791511
"634";0.853844862804035;0.860019252964568;0.865158301849497;0.812507023787226;0.874456229668237
"635";0.875876853058061;0.877382353884211;0.882992396036201;0.854988938520721;0.886128849088361
"636";0.97938201359254;0.921178876905913;0.923357008604071;0.935554536654949;0.945741392801252
"637";0.846277996252005;0.829349670308041;0.838359443091015;0.866954241732217;0.835570735678398
"638";0.855614497680936;0.851686539267962;0.874093945470028;0.885081270167824;0.839699330714533
"639";0.961342201218146;0.940970104597729;0.957046332046332;0.919025905404695;0.903216125824821
"640";0;0;0;0;0
"641";0;0;0;0;0
"642";0;0;0;0;0
"643";0;0;0;0;0
"644";0;0;0;0;0
"645";0;0;0;0;0
"646";0;0;0;0;0
"647";0;0;0;0;0
"648";0;0;0;0;0
